batch_size = 8
best_na_thresh = -1.1346592902137207
epoch = 5
f1_c = 39.825157843613404
f1_i = 54.04014410705095
global_step = 720
learning_rate = 4e-05
prec_c = 47.12643678160919
prec_i = 72.41379310344827
recall_c = 34.48275862068966
recall_i = 43.10344827586207
